header: 
  seq: 13683
  stamp: 
    secs: 484093
    nsecs: 154877000
  frame_id: "zadar"
height: 1
width: 225
fields: 
  - 
    name: "x"
    offset: 0
    datatype: 7
    count: 1
  - 
    name: "y"
    offset: 4
    datatype: 7
    count: 1
  - 
    name: "z"
    offset: 8
    datatype: 7
    count: 1
  - 
    name: "snr"
    offset: 16
    datatype: 7
    count: 1
  - 
    name: "range"
    offset: 20
    datatype: 7
    count: 1
  - 
    name: "noise"
    offset: 24
    datatype: 7
    count: 1
  - 
    name: "doppler"
    offset: 28
    datatype: 7
    count: 1
  - 
    name: "adjusted_doppler"
    offset: 32
    datatype: 7
    count: 1
  - 
    name: "frame_num"
    offset: 36
    datatype: 6
    count: 1
  - 
    name: "is_static"
    offset: 40
    datatype: 2
    count: 1
  - 
    name: "removed"
    offset: 41
    datatype: 2
    count: 1
  - 
    name: "subframe_index"
    offset: 42
    datatype: 2
    count: 1
is_bigendian: False
point_step: 48
row_step: 10800
data: [8, 171, 178, 63, 0, 0, 0, 0, 19, 33, 186, 189, 0, 0, 0, 0, 0, 0, 240, 65, 225, 11, 179, 63, 0, 0, 116, 66, 0, 0, 0, 0, 0, 0, 0, 0, 149, 53, 0, 0, 1, 0, 1, 0, 0, 0, 0, 0, 157, 202, 185, 63, 0, 0, 0, 0, 20, 242, 103, 189, 0, 0, 0, 0, 0, 0, 28, 66, 204, 238, 185, 63, 0, 0, 116, 66, 0, 0, 0, 0, 0, 0, 0, 0, 149, 53, 0, 0, 1, 0, 1, 0, 0, 0, 0, 0, 169, 183, 192, 63, 0, 0, 0, 0, 99, 114, 72, 189, 0, 0, 0, 0, 0, 0, 32, 66, 183, 209, 192, 63, 0, 0, 116, 66, 0, 0, 0, 0, 0, 0, 0, 0, 149, 53, 0, 0, 1, 0, 1, 0, 0, 0, 0, 0, 229, 49, 199, 63, 0, 0, 0, 0, 192, 93, 228, 189, 0, 0, 0, 0, 0, 0, 32, 66, 162, 180, 199, 63, 0, 0, 112, 66, 0, 0, 0, 0, 0, 0, 0, 0, 149, 53, 0, 0, 1, 0, 1, 0, 0, 0, 0, 0, 75, 44, 205, 63, 103, 60, 187, 187, 187, 73, 65, 190, 0, 0, 0, 0, 0, 0, 4, 66, 141, 151, 206, 63, 0, 0, 116, 66, 0, 0, 0, 0, 0, 0, 0, 0, 149, 53, 0, 0, 1, 0, 1, 0, 0, 0, 0, 0, 43, 54, 213, 63, 63, 51, 157, 189, 106, 39, 5, 189, 0, 0, 0, 0, 0, 0, 160, 65, 120, 122, 213, 63, 0, 0, 130, 66, 0, 0, 0, 0, 0, 0, 0, 0, 149, 53, 0, 0, 1, 0, 1, 0, 0, 0, 0, 0, 136, 215, 146, 63, 117, 125, 7, 64, 210, 219, 128, 62, 0, 0, 0, 0, 0, 0, 48, 65, 170, 241, 26, 64, 0, 0, 144, 66, 0, 0, 0, 0, 0, 0, 0, 0, 149, 53, 0, 0, 1, 0, 1, 0, 0, 0, 0, 0, 59, 245, 212, 63, 189, 196, 252, 63, 2, 115, 9, 189, 0, 0, 0, 0, 0, 0, 80, 65, 11, 70, 37, 64, 0, 0, 148, 66, 0, 0, 0, 0, 0, 0, 0, 0, 149, 53, 0, 0, 1, 0, 1, 0, 0, 0, 0, 0, 75, 146, 214, 63, 61, 54, 2, 64, 0, 0, 0, 0, 0, 0, 0, 0, 0, 0, 96, 65, 128, 183, 40, 64, 0, 0, 150, 66, 0, 0, 0, 0, 0, 0, 0, 0, 149, 53, 0, 0, 1, 0, 1, 0, 0, 0, 0, 0, 153, 80, 223, 63, 113, 10, 3, 64, 0, 0, 0, 0, 0, 0, 0, 0, 0, 0, 48, 65, 246, 40, 44, 64, 0, 0, 154, 66, 0, 0, 0, 0, 0, 0, 0, 0, 149, 53, 0, 0, 1, 0, 1, 0, 0, 0, 0, 0, 87, 160, 133, 64, 38, 44, 221, 63, 0, 0, 0, 0, 0, 0, 0, 0, 0, 0, 32, 65, 73, 157, 144, 64, 0, 0, 182, 66, 0, 0, 0, 0, 0, 0, 0, 0, 149, 53, 0, 0, 1, 0, 1, 0, 0, 0, 0, 0, 160, 211, 215, 64, 200, 223, 177, 63, 3, 68, 55, 189, 0, 0, 0, 0, 0, 0, 32, 65, 100, 93, 220, 64, 0, 0, 164, 66, 0, 0, 0, 0, 0, 0, 0, 0, 149, 53, 0, 0, 1, 0, 1, 0, 0, 0, 0, 0, 109, 143, 218, 64, 187, 63, 157, 63, 139, 178, 184, 189, 0, 0, 0, 0, 0, 0, 96, 65, 30, 22, 222, 64, 0, 0, 164, 66, 0, 0, 0, 0, 0, 0, 0, 0, 149, 53, 0, 0, 1, 0, 1, 0, 0, 0, 0, 0, 46, 169, 219, 64, 54, 37, 171, 63, 19, 33, 186, 189, 0, 0, 0, 0, 0, 0, 64, 65, 217, 206, 223, 64, 0, 0, 164, 66, 0, 0, 0, 0, 0, 0, 0, 0, 149, 53, 0, 0, 1, 0, 1, 0, 0, 0, 0, 0, 176, 221, 2, 65, 241, 169, 28, 63, 110, 252, 49, 191, 0, 0, 0, 0, 0, 0, 48, 65, 208, 179, 3, 65, 0, 0, 162, 66, 0, 0, 0, 0, 0, 0, 0, 0, 149, 53, 0, 0, 1, 0, 1, 0, 0, 0, 0, 0, 207, 88, 3, 65, 92, 50, 37, 63, 177, 69, 106, 191, 0, 0, 0, 0, 0, 0, 48, 65, 46, 144, 4, 65, 0, 0, 162, 66, 0, 0, 0, 0, 0, 0, 0, 0, 149, 53, 0, 0, 1, 0, 1, 0, 0, 0, 0, 0, 249, 51, 90, 65, 46, 168, 200, 64, 0, 0, 0, 0, 0, 0, 0, 0, 0, 0, 32, 65, 199, 41, 112, 65, 0, 0, 144, 66, 0, 0, 0, 0, 0, 0, 0, 0, 149, 53, 0, 0, 1, 0, 1, 0, 0, 0, 0, 0, 67, 25, 88, 65, 154, 157, 211, 64, 176, 128, 97, 63, 0, 0, 0, 0, 0, 0, 32, 65, 37, 6, 113, 65, 0, 0, 144, 66, 0, 0, 0, 0, 0, 0, 0, 0, 149, 53, 0, 0, 1, 0, 1, 0, 0, 0, 0, 0, 153, 154, 135, 65, 255, 134, 246, 62, 119, 134, 155, 191, 0, 0, 0, 0, 0, 0, 224, 64, 163, 1, 136, 65, 0, 0, 142, 66, 0, 0, 0, 0, 0, 0, 0, 0, 149, 53, 0, 0, 1, 0, 1, 0, 0, 0, 0, 0, 17, 186, 142, 65, 63, 129, 1, 63, 39, 65, 50, 191, 0, 0, 0, 0, 0, 0, 224, 64, 143, 228, 142, 65, 0, 0, 142, 66, 0, 0, 0, 0, 0, 0, 0, 0, 149, 53, 0, 0, 1, 0, 1, 0, 0, 0, 0, 0, 59, 30, 143, 65, 168, 215, 66, 63, 43, 254, 20, 191, 0, 0, 0, 0, 0, 0, 0, 65, 189, 82, 143, 65, 0, 0, 142, 66, 0, 0, 0, 0, 0, 0, 0, 0, 149, 53, 0, 0, 1, 0, 1, 0, 0, 0, 0, 0, 128, 203, 145, 65, 219, 210, 53, 63, 0, 0, 0, 0, 0, 0, 0, 0, 0, 0, 224, 64, 213, 231, 145, 65, 0, 0, 142, 66, 0, 0, 0, 0, 0, 0, 0, 0, 149, 53, 0, 0, 1, 0, 1, 0, 0, 0, 0, 0, 76, 249, 42, 65, 72, 177, 132, 193, 204, 85, 12, 64, 0, 0, 0, 0, 0, 0, 0, 65, 78, 209, 158, 65, 0, 0, 134, 66, 0, 0, 0, 0, 0, 0, 0, 0, 149, 53, 0, 0, 1, 0, 1, 0, 0, 0, 0, 0, 142, 85, 190, 65, 174, 89, 6, 65, 205, 223, 167, 190, 0, 0, 0, 0, 0, 0, 192, 64, 140, 219, 201, 65, 0, 0, 128, 66, 0, 0, 0, 0, 0, 0, 0, 0, 149, 53, 0, 0, 1, 0, 1, 0, 0, 0, 0, 0, 209, 250, 191, 65, 84, 243, 254, 64, 111, 59, 40, 190, 0, 0, 0, 0, 0, 0, 224, 64, 186, 73, 202, 65, 0, 0, 128, 66, 0, 0, 0, 0, 0, 0, 0, 0, 149, 53, 0, 0, 1, 0, 1, 0, 0, 0, 0, 0, 38, 50, 190, 65, 65, 203, 9, 65, 213, 188, 210, 63, 0, 0, 0, 0, 0, 0, 192, 64, 233, 183, 202, 65, 0, 0, 128, 66, 0, 0, 0, 0, 0, 0, 0, 0, 149, 53, 0, 0, 1, 0, 1, 0, 0, 0, 0, 0, 75, 147, 216, 65, 220, 93, 223, 63, 119, 32, 111, 64, 0, 0, 0, 0, 0, 0, 192, 64, 215, 18, 219, 65, 0, 0, 128, 66, 0, 0, 0, 0, 0, 0, 0, 0, 149, 53, 0, 0, 1, 0, 1, 0, 0, 0, 0, 0, 52, 139, 218, 65, 48, 95, 211, 63, 134, 1, 251, 63, 0, 0, 0, 0, 0, 0, 224, 64, 6, 129, 219, 65, 0, 0, 128, 66, 0, 0, 0, 0, 0, 0, 0, 0, 149, 53, 0, 0, 1, 0, 1, 0, 0, 0, 0, 0, 229, 204, 183, 63, 140, 236, 122, 188, 116, 80, 6, 190, 0, 0, 0, 0, 0, 0, 28, 66, 117, 147, 184, 63, 0, 0, 112, 66, 0, 0, 0, 0, 0, 0, 0, 0, 149, 53, 0, 0, 1, 0, 0, 0, 0, 0, 0, 0, 141, 158, 202, 63, 0, 0, 0, 0, 147, 111, 84, 190, 0, 0, 0, 0, 0, 0, 12, 66, 29, 90, 204, 63, 0, 0, 116, 66, 0, 0, 0, 0, 0, 0, 0, 0, 149, 53, 0, 0, 1, 0, 0, 0, 0, 0, 0, 0, 136, 249, 209, 63, 230, 19, 215, 189, 172, 55, 241, 189, 0, 0, 0, 0, 0, 0, 184, 65, 170, 241, 210, 63, 0, 0, 128, 66, 0, 0, 0, 0, 0, 0, 0, 0, 149, 53, 0, 0, 1, 0, 0, 0, 0, 0, 0, 0, 9, 233, 156, 63, 78, 184, 4, 64, 99, 143, 113, 62, 0, 0, 0, 0, 0, 0, 48, 65, 121, 233, 26, 64, 0, 0, 144, 66, 0, 0, 0, 0, 0, 0, 0, 0, 149, 53, 0, 0, 1, 0, 0, 0, 0, 0, 0, 0, 211, 55, 212, 63, 80, 11, 252, 63, 46, 14, 137, 189, 0, 0, 0, 0, 0, 0, 64, 65, 205, 204, 36, 64, 0, 0, 148, 66, 0, 0, 0, 0, 0, 0, 0, 0, 149, 53, 0, 0, 1, 0, 0, 0, 0, 0, 0, 0, 44, 200, 213, 63, 150, 187, 1, 64, 0, 0, 0, 0, 0, 0, 0, 0, 0, 0, 96, 65, 147, 24, 40, 64, 0, 0, 150, 66, 0, 0, 0, 0, 0, 0, 0, 0, 149, 53, 0, 0, 1, 0, 0, 0, 0, 0, 0, 0, 186, 225, 227, 63, 116, 7, 0, 64, 160, 137, 142, 60, 0, 0, 0, 0, 0, 0, 48, 65, 90, 100, 43, 64, 0, 0, 154, 66, 0, 0, 0, 0, 0, 0, 0, 0, 149, 53, 0, 0, 1, 0, 0, 0, 0, 0, 0, 0, 246, 4, 134, 64, 88, 1, 201, 63, 153, 36, 134, 62, 0, 0, 0, 0, 0, 0, 16, 65, 66, 96, 143, 64, 0, 0, 184, 66, 0, 0, 0, 0, 0, 0, 0, 0, 149, 53, 0, 0, 1, 0, 0, 0, 0, 0, 0, 0, 22, 193, 216, 64, 159, 222, 168, 63, 123, 167, 55, 189, 0, 0, 0, 0, 0, 0, 64, 65, 254, 212, 220, 64, 0, 0, 164, 66, 0, 0, 0, 0, 0, 0, 0, 0, 149, 53, 0, 0, 1, 0, 0, 0, 0, 0, 0, 0, 137, 55, 218, 64, 200, 71, 173, 63, 87, 6, 57, 189, 0, 0, 0, 0, 0, 0, 96, 65, 225, 122, 222, 64, 0, 0, 162, 66, 0, 0, 0, 0, 0, 0, 0, 0, 149, 53, 0, 0, 1, 0, 0, 0, 0, 0, 0, 0, 175, 255, 220, 64, 62, 44, 149, 63, 52, 101, 58, 189, 0, 0, 0, 0, 0, 0, 64, 65, 197, 32, 224, 64, 0, 0, 162, 66, 0, 0, 0, 0, 0, 0, 0, 0, 149, 53, 0, 0, 1, 0, 0, 0, 0, 0, 0, 0, 31, 67, 3, 65, 61, 228, 13, 63, 45, 14, 9, 191, 0, 0, 0, 0, 0, 0, 64, 65, 10, 215, 3, 65, 0, 0, 160, 66, 0, 0, 0, 0, 0, 0, 0, 0, 149, 53, 0, 0, 1, 0, 0, 0, 0, 0, 0, 0, 76, 210, 3, 65, 196, 206, 29, 63, 28, 73, 51, 191, 0, 0, 0, 0, 0, 0, 48, 65, 252, 169, 4, 65, 0, 0, 160, 66, 0, 0, 0, 0, 0, 0, 0, 0, 149, 53, 0, 0, 1, 0, 0, 0, 0, 0, 0, 0, 47, 63, 90, 65, 113, 164, 198, 64, 0, 0, 0, 0, 0, 0, 0, 0, 0, 0, 0, 65, 180, 200, 111, 65, 0, 0, 144, 66, 0, 0, 0, 0, 0, 0, 0, 0, 149, 53, 0, 0, 1, 0, 0, 0, 0, 0, 0, 0, 79, 82, 88, 65, 248, 139, 209, 64, 151, 22, 47, 63, 0, 0, 0, 0, 0, 0, 48, 65, 166, 155, 112, 65, 0, 0, 142, 66, 0, 0, 0, 0, 0, 0, 0, 0, 149, 53, 0, 0, 1, 0, 0, 0, 0, 0, 0, 0, 87, 136, 142, 65, 166, 90, 66, 63, 147, 158, 148, 191, 0, 0, 0, 0, 0, 0, 0, 65, 201, 246, 142, 65, 0, 0, 142, 66, 0, 0, 0, 0, 0, 0, 0, 0, 149, 53, 0, 0, 1, 0, 0, 0, 0, 0, 0, 0, 160, 198, 145, 65, 158, 58, 165, 62, 137, 150, 242, 190, 0, 0, 0, 0, 0, 0, 224, 64, 23, 217, 145, 65, 0, 0, 142, 66, 0, 0, 0, 0, 0, 0, 0, 0, 149, 53, 0, 0, 1, 0, 0, 0, 0, 0, 0, 0, 55, 46, 53, 65, 119, 40, 129, 193, 114, 234, 3, 64, 0, 0, 0, 0, 0, 0, 0, 65, 184, 158, 158, 65, 0, 0, 134, 66, 0, 0, 0, 0, 0, 0, 0, 0, 149, 53, 0, 0, 1, 0, 0, 0, 0, 0, 0, 0, 101, 154, 189, 65, 75, 167, 10, 65, 0, 0, 0, 0, 0, 0, 0, 0, 0, 0, 192, 64, 72, 225, 201, 65, 0, 0, 130, 66, 0, 0, 0, 0, 0, 0, 0, 0, 149, 53, 0, 0, 1, 0, 0, 0, 0, 0, 0, 0, 115, 59, 190, 65, 14, 129, 9, 65, 73, 60, 168, 190, 0, 0, 0, 0, 0, 0, 224, 64, 193, 74, 202, 65, 0, 0, 130, 66, 0, 0, 0, 0, 0, 0, 0, 0, 149, 53, 0, 0, 1, 0, 0, 0, 0, 0, 0, 0, 240, 94, 187, 65, 106, 146, 25, 65, 127, 129, 147, 191, 0, 0, 0, 0, 0, 0, 192, 64, 57, 180, 202, 65, 0, 0, 130, 66, 0, 0, 0, 0, 0, 0, 0, 0, 149, 53, 0, 0, 1, 0, 0, 0, 0, 0, 0, 0, 183, 56, 192, 65, 232, 176, 34, 65, 204, 73, 130, 63, 0, 0, 0, 0, 0, 0, 192, 64, 78, 226, 208, 65, 0, 0, 130, 66, 0, 0, 0, 0, 0, 0, 0, 0, 149, 53, 0, 0, 1, 0, 0, 0, 0, 0, 0, 0, 124, 175, 217, 65, 143, 59, 186, 63, 158, 72, 54, 64, 0, 0, 0, 0, 0, 0, 224, 64, 27, 47, 219, 65, 0, 0, 124, 66, 0, 0, 0, 0, 0, 0, 0, 0, 149, 53, 0, 0, 1, 0, 0, 0, 0, 0, 0, 0, 186, 209, 181, 63, 0, 0, 0, 0, 178, 129, 227, 189, 0, 0, 0, 0, 0, 0, 12, 66, 217, 95, 182, 63, 0, 0, 120, 66, 0, 0, 0, 0, 0, 0, 0, 0, 149, 53, 0, 0, 1, 0, 3, 0, 0, 0, 0, 0, 11, 59, 189, 63, 97, 48, 22, 189, 119, 225, 68, 189, 0, 0, 0, 0, 0, 0, 28, 66, 136, 99, 189, 63, 0, 0, 116, 66, 0, 0, 0, 0, 0, 0, 0, 0, 149, 53, 0, 0, 1, 0, 3, 0, 0, 0, 0, 0, 163, 160, 195, 63, 87, 128, 133, 189, 211, 1, 245, 189, 0, 0, 0, 0, 0, 0, 28, 66, 56, 103, 196, 63, 0, 0, 116, 66, 0, 0, 0, 0, 0, 0, 0, 0, 149, 53, 0, 0, 1, 0, 3, 0, 0, 0, 0, 0, 164, 247, 202, 63, 229, 91, 184, 188, 232, 118, 211, 189, 0, 0, 0, 0, 0, 0, 20, 66, 232, 106, 203, 63, 0, 0, 116, 66, 0, 0, 0, 0, 0, 0, 0, 0, 149, 53, 0, 0, 1, 0, 3, 0, 0, 0, 0, 0, 116, 109, 210, 63, 0, 0, 0, 0, 77, 1, 47, 188, 0, 0, 0, 0, 0, 0, 208, 65, 152, 110, 210, 63, 0, 0, 124, 66, 0, 0, 0, 0, 0, 0, 0, 0, 149, 53, 0, 0, 1, 0, 3, 0, 0, 0, 0, 0, 34, 202, 150, 63, 44, 2, 10, 64, 151, 73, 85, 62, 0, 0, 0, 0, 0, 0, 32, 65, 242, 210, 29, 64, 0, 0, 146, 66, 0, 0, 0, 0, 0, 0, 0, 0, 149, 53, 0, 0, 1, 0, 3, 0, 0, 0, 0, 0, 95, 122, 188, 63, 103, 203, 2, 64, 128, 65, 201, 61, 0, 0, 0, 0, 0, 0, 32, 65, 202, 84, 33, 64, 0, 0, 146, 66, 0, 0, 0, 0, 0, 0, 0, 0, 149, 53, 0, 0, 1, 0, 3, 0, 0, 0, 0, 0, 245, 197, 206, 63, 193, 98, 0, 64, 0, 0, 0, 0, 0, 0, 0, 0, 0, 0, 96, 65, 161, 214, 36, 64, 0, 0, 148, 66, 0, 0, 0, 0, 0, 0, 0, 0, 149, 53, 0, 0, 1, 0, 3, 0, 0, 0, 0, 0, 112, 25, 214, 63, 230, 236, 1, 64, 0, 0, 0, 0, 0, 0, 0, 0, 0, 0, 112, 65, 121, 88, 40, 64, 0, 0, 148, 66, 0, 0, 0, 0, 0, 0, 0, 0, 149, 53, 0, 0, 1, 0, 3, 0, 0, 0, 0, 0, 185, 231, 222, 63, 149, 206, 2, 64, 187, 235, 142, 60, 0, 0, 0, 0, 0, 0, 64, 65, 81, 218, 43, 64, 0, 0, 152, 66, 0, 0, 0, 0, 0, 0, 0, 0, 149, 53, 0, 0, 1, 0, 3, 0, 0, 0, 0, 0, 150, 251, 131, 64, 25, 49, 209, 63, 25, 169, 19, 190, 0, 0, 0, 0, 0, 0, 32, 65, 166, 10, 142, 64, 0, 0, 182, 66, 0, 0, 0, 0, 0, 0, 0, 0, 149, 53, 0, 0, 1, 0, 3, 0, 0, 0, 0, 0, 180, 91, 133, 64, 171, 179, 207, 63, 171, 57, 224, 62, 0, 0, 0, 0, 0, 0, 48, 65, 146, 203, 143, 64, 0, 0, 180, 66, 0, 0, 0, 0, 0, 0, 0, 0, 149, 53, 0, 0, 1, 0, 3, 0, 0, 0, 0, 0, 113, 20, 216, 64, 119, 155, 184, 63, 0, 0, 0, 0, 0, 0, 0, 0, 0, 0, 32, 65, 31, 244, 220, 64, 0, 0, 166, 66, 0, 0, 0, 0, 0, 0, 0, 0, 149, 53, 0, 0, 1, 0, 3, 0, 0, 0, 0, 0, 149, 112, 218, 64, 21, 117, 173, 63, 182, 54, 57, 189, 0, 0, 0, 0, 0, 0, 64, 65, 11, 181, 222, 64, 0, 0, 164, 66, 0, 0, 0, 0, 0, 0, 0, 0, 149, 53, 0, 0, 1, 0, 3, 0, 0, 0, 0, 0, 7, 130, 2, 65, 18, 140, 13, 63, 161, 193, 90, 191, 0, 0, 0, 0, 0, 0, 16, 65, 31, 133, 3, 65, 0, 0, 164, 66, 0, 0, 0, 0, 0, 0, 0, 0, 149, 53, 0, 0, 1, 0, 3, 0, 0, 0, 0, 0, 13, 192, 2, 65, 231, 124, 59, 63, 91, 162, 137, 191, 0, 0, 0, 0, 0, 0, 32, 65, 149, 101, 4, 65, 0, 0, 164, 66, 0, 0, 0, 0, 0, 0, 0, 0, 149, 53, 0, 0, 1, 0, 3, 0, 0, 0, 0, 0, 75, 142, 25, 65, 159, 70, 189, 64, 115, 54, 22, 63, 0, 0, 0, 0, 0, 0, 224, 64, 237, 158, 52, 65, 0, 0, 158, 66, 0, 0, 0, 0, 0, 0, 0, 0, 149, 53, 0, 0, 1, 0, 3, 0, 0, 0, 0, 0, 165, 122, 89, 65, 193, 253, 199, 64, 0, 0, 0, 0, 0, 0, 0, 0, 0, 0, 0, 65, 204, 93, 111, 65, 0, 0, 146, 66, 0, 0, 0, 0, 0, 0, 0, 0, 149, 53, 0, 0, 1, 0, 3, 0, 0, 0, 0, 0, 99, 60, 85, 65, 234, 34, 221, 64, 30, 217, 149, 62, 0, 0, 0, 0, 0, 0, 32, 65, 66, 62, 112, 65, 0, 0, 146, 66, 0, 0, 0, 0, 0, 0, 0, 0, 149, 53, 0, 0, 1, 0, 3, 0, 0, 0, 0, 0, 162, 205, 84, 65, 164, 91, 225, 64, 211, 134, 72, 63, 0, 0, 0, 0, 0, 0, 0, 65, 184, 30, 113, 65, 0, 0, 146, 66, 0, 0, 0, 0, 0, 0, 0, 0, 149, 53, 0, 0, 1, 0, 3, 0, 0, 0, 0, 0, 53, 58, 143, 65, 90, 227, 66, 63, 0, 0, 0, 0, 0, 0, 0, 0, 0, 0, 224, 64, 87, 91, 143, 65, 0, 0, 142, 66, 0, 0, 0, 0, 0, 0, 0, 0, 149, 53, 0, 0, 1, 0, 3, 0, 0, 0, 0, 0, 168, 134, 145, 65, 216, 227, 164, 62, 0, 0, 0, 0, 0, 0, 0, 0, 0, 0, 0, 65, 126, 140, 145, 65, 0, 0, 140, 66, 0, 0, 0, 0, 0, 0, 0, 0, 149, 53, 0, 0, 1, 0, 3, 0, 0, 0, 0, 0, 183, 68, 180, 63, 102, 208, 163, 188, 87, 176, 206, 189, 0, 0, 0, 0, 0, 0, 4, 66, 177, 191, 180, 63, 0, 0, 116, 66, 0, 0, 0, 0, 0, 0, 0, 0, 149, 53, 0, 0, 1, 0, 2, 0, 0, 0, 0, 0, 7, 141, 186, 63, 0, 0, 0, 0, 196, 36, 18, 190, 0, 0, 0, 0, 0, 0, 28, 66, 118, 113, 187, 63, 0, 0, 116, 66, 0, 0, 0, 0, 0, 0, 0, 0, 149, 53, 0, 0, 1, 0, 2, 0, 0, 0, 0, 0, 32, 137, 193, 63, 25, 246, 131, 188, 77, 46, 242, 189, 0, 0, 0, 0, 0, 0, 32, 66, 58, 35, 194, 63, 0, 0, 116, 66, 0, 0, 0, 0, 0, 0, 0, 0, 149, 53, 0, 0, 1, 0, 2, 0, 0, 0, 0, 0, 116, 101, 200, 63, 0, 131, 136, 188, 207, 198, 208, 189, 0, 0, 0, 0, 0, 0, 28, 66, 254, 212, 200, 63, 0, 0, 116, 66, 0, 0, 0, 0, 0, 0, 0, 0, 149, 53, 0, 0, 1, 0, 2, 0, 0, 0, 0, 0, 216, 31, 207, 63, 230, 15, 13, 189, 137, 41, 194, 189, 0, 0, 0, 0, 0, 0, 240, 65, 194, 134, 207, 63, 0, 0, 124, 66, 0, 0, 0, 0, 0, 0, 0, 0, 149, 53, 0, 0, 1, 0, 2, 0, 0, 0, 0, 0, 174, 252, 213, 63, 205, 156, 145, 188, 243, 226, 155, 61, 0, 0, 0, 0, 0, 0, 136, 65, 134, 56, 214, 63, 0, 0, 134, 66, 0, 0, 0, 0, 0, 0, 0, 0, 149, 53, 0, 0, 1, 0, 2, 0, 0, 0, 0, 0, 100, 238, 143, 63, 177, 163, 6, 64, 227, 15, 160, 62, 0, 0, 0, 0, 0, 0, 16, 65, 161, 248, 25, 64, 0, 0, 144, 66, 0, 0, 0, 0, 0, 0, 0, 0, 149, 53, 0, 0, 1, 0, 2, 0, 0, 0, 0, 0, 249, 160, 143, 63, 185, 60, 11, 64, 85, 245, 100, 62, 0, 0, 0, 0, 0, 0, 32, 65, 131, 81, 29, 64, 0, 0, 146, 66, 0, 0, 0, 0, 0, 0, 0, 0, 149, 53, 0, 0, 1, 0, 2, 0, 0, 0, 0, 0, 108, 149, 185, 63, 223, 210, 2, 64, 180, 81, 22, 62, 0, 0, 0, 0, 0, 0, 16, 65, 101, 170, 32, 64, 0, 0, 148, 66, 0, 0, 0, 0, 0, 0, 0, 0, 149, 53, 0, 0, 1, 0, 2, 0, 0, 0, 0, 0, 131, 73, 204, 63, 201, 82, 0, 64, 0, 0, 0, 0, 0, 0, 0, 0, 0, 0, 80, 65, 71, 3, 36, 64, 0, 0, 148, 66, 0, 0, 0, 0, 0, 0, 0, 0, 149, 53, 0, 0, 1, 0, 2, 0, 0, 0, 0, 0, 181, 239, 209, 63, 136, 89, 2, 64, 0, 0, 0, 0, 0, 0, 0, 0, 0, 0, 112, 65, 41, 92, 39, 64, 0, 0, 150, 66, 0, 0, 0, 0, 0, 0, 0, 0, 149, 53, 0, 0, 1, 0, 2, 0, 0, 0, 0, 0, 222, 157, 225, 63, 54, 31, 0, 64, 0, 0, 0, 0, 0, 0, 0, 0, 0, 0, 80, 65, 11, 181, 42, 64, 0, 0, 154, 66, 0, 0, 0, 0, 0, 0, 0, 0, 149, 53, 0, 0, 1, 0, 2, 0, 0, 0, 0, 0, 70, 122, 131, 64, 95, 20, 199, 63, 0, 0, 0, 0, 0, 0, 0, 0, 0, 0, 16, 65, 24, 149, 140, 64, 0, 0, 184, 66, 0, 0, 0, 0, 0, 0, 0, 0, 149, 53, 0, 0, 1, 0, 2, 0, 0, 0, 0, 0, 248, 86, 133, 64, 171, 107, 197, 63, 40, 226, 19, 62, 0, 0, 0, 0, 0, 0, 16, 65, 137, 65, 142, 64, 0, 0, 184, 66, 0, 0, 0, 0, 0, 0, 0, 0, 149, 53, 0, 0, 1, 0, 2, 0, 0, 0, 0, 0, 97, 151, 130, 64, 94, 61, 226, 63, 20, 17, 44, 63, 0, 0, 0, 0, 0, 0, 16, 65, 250, 237, 143, 64, 0, 0, 182, 66, 0, 0, 0, 0, 0, 0, 0, 0, 149, 53, 0, 0, 1, 0, 2, 0, 0, 0, 0, 0, 212, 10, 216, 64, 65, 147, 184, 63, 0, 0, 0, 0, 0, 0, 0, 0, 0, 0, 48, 65, 75, 234, 220, 64, 0, 0, 166, 66, 0, 0, 0, 0, 0, 0, 0, 0, 149, 53, 0, 0, 1, 0, 2, 0, 0, 0, 0, 0, 134, 122, 218, 64, 137, 54, 170, 63, 129, 29, 57, 189, 0, 0, 0, 0, 0, 0, 80, 65, 188, 150, 222, 64, 0, 0, 164, 66, 0, 0, 0, 0, 0, 0, 0, 0, 149, 53, 0, 0, 1, 0, 2, 0, 0, 0, 0, 0, 210, 215, 220, 64, 39, 157, 155, 63, 209, 129, 186, 189, 0, 0, 0, 0, 0, 0, 16, 65, 45, 67, 224, 64, 0, 0, 164, 66, 0, 0, 0, 0, 0, 0, 0, 0, 149, 53, 0, 0, 1, 0, 2, 0, 0, 0, 0, 0, 219, 76, 2, 65, 8, 71, 28, 63, 254, 132, 90, 191, 0, 0, 0, 0, 0, 0, 16, 65, 170, 96, 3, 65, 0, 0, 164, 66, 0, 0, 0, 0, 0, 0, 0, 0, 149, 53, 0, 0, 1, 0, 2, 0, 0, 0, 0, 0, 163, 236, 2, 65, 140, 189, 51, 63, 227, 167, 105, 191, 0, 0, 0, 0, 0, 0, 48, 65, 227, 54, 4, 65, 0, 0, 164, 66, 0, 0, 0, 0, 0, 0, 0, 0, 149, 53, 0, 0, 1, 0, 2, 0, 0, 0, 0, 0, 166, 51, 91, 65, 214, 123, 191, 64, 200, 202, 248, 190, 0, 0, 0, 0, 0, 0, 0, 65, 38, 83, 111, 65, 0, 0, 146, 66, 0, 0, 0, 0, 0, 0, 0, 0, 149, 53, 0, 0, 1, 0, 2, 0, 0, 0, 0, 0, 2, 155, 88, 65, 32, 117, 207, 64, 0, 0, 0, 0, 0, 0, 0, 0, 0, 0, 32, 65, 95, 41, 112, 65, 0, 0, 144, 66, 0, 0, 0, 0, 0, 0, 0, 0, 149, 53, 0, 0, 1, 0, 2, 0, 0, 0, 0, 0, 209, 141, 86, 65, 50, 107, 218, 64, 81, 95, 47, 63, 0, 0, 0, 0, 0, 0, 32, 65, 151, 255, 112, 65, 0, 0, 144, 66, 0, 0, 0, 0, 0, 0, 0, 0, 149, 53, 0, 0, 1, 0, 2, 0, 0, 0, 0, 0, 193, 209, 135, 65, 122, 225, 200, 63, 0, 0, 0, 0, 0, 0, 0, 0, 0, 0, 224, 64, 254, 101, 136, 65, 0, 0, 142, 66, 0, 0, 0, 0, 0, 0, 0, 0, 149, 53, 0, 0, 1, 0, 2, 0, 0, 0, 0, 0, 224, 248, 142, 65, 132, 81, 50, 63, 93, 1, 110, 190, 0, 0, 0, 0, 0, 0, 0, 65, 194, 23, 143, 65, 0, 0, 142, 66, 0, 0, 0, 0, 0, 0, 0, 0, 149, 53, 0, 0, 1, 0, 2, 0, 0, 0, 0, 0, 65, 247, 142, 65, 254, 214, 178, 63, 164, 6, 51, 63, 0, 0, 0, 0, 0, 0, 224, 64, 222, 130, 143, 65, 0, 0, 142, 66, 0, 0, 0, 0, 0, 0, 0, 0, 149, 53, 0, 0, 1, 0, 2, 0, 0, 0, 0, 0, 153, 143, 145, 65, 25, 246, 131, 62, 186, 162, 181, 190, 0, 0, 0, 0, 0, 0, 0, 65, 107, 154, 145, 65, 0, 0, 140, 66, 0, 0, 0, 0, 0, 0, 0, 0, 149, 53, 0, 0, 1, 0, 2, 0, 0, 0, 0, 0, 24, 16, 43, 65, 101, 182, 131, 193, 120, 86, 70, 64, 0, 0, 0, 0, 0, 0, 0, 65, 244, 253, 158, 65, 0, 0, 136, 66, 0, 0, 0, 0, 0, 0, 0, 0, 149, 53, 0, 0, 1, 0, 2, 0, 0, 0, 0, 0, 154, 142, 218, 65, 68, 155, 8, 64, 225, 84, 182, 190, 0, 0, 0, 0, 0, 0, 192, 64, 217, 61, 219, 65, 0, 0, 124, 66, 0, 0, 0, 0, 0, 0, 0, 0, 149, 53, 0, 0, 1, 0, 2, 0, 0, 0, 0, 0, 114, 189, 178, 63, 0, 0, 0, 0, 43, 132, 167, 189, 0, 0, 0, 0, 0, 0, 240, 65, 225, 11, 179, 63, 0, 0, 116, 66, 0, 0, 0, 0, 0, 0, 0, 0, 149, 53, 0, 0, 1, 0, 1, 0, 0, 0, 0, 0, 157, 202, 185, 63, 0, 0, 0, 0, 20, 242, 103, 189, 0, 0, 0, 0, 0, 0, 28, 66, 204, 238, 185, 63, 0, 0, 116, 66, 0, 0, 0, 0, 0, 0, 0, 0, 149, 53, 0, 0, 1, 0, 1, 0, 0, 0, 0, 0, 169, 183, 192, 63, 0, 0, 0, 0, 99, 114, 72, 189, 0, 0, 0, 0, 0, 0, 32, 66, 183, 209, 192, 63, 0, 0, 116, 66, 0, 0, 0, 0, 0, 0, 0, 0, 149, 53, 0, 0, 1, 0, 1, 0, 0, 0, 0, 0, 229, 49, 199, 63, 0, 0, 0, 0, 192, 93, 228, 189, 0, 0, 0, 0, 0, 0, 28, 66, 162, 180, 199, 63, 0, 0, 116, 66, 0, 0, 0, 0, 0, 0, 0, 0, 149, 53, 0, 0, 1, 0, 1, 0, 0, 0, 0, 0, 75, 44, 205, 63, 103, 60, 187, 187, 187, 73, 65, 190, 0, 0, 0, 0, 0, 0, 0, 66, 141, 151, 206, 63, 0, 0, 120, 66, 0, 0, 0, 0, 0, 0, 0, 0, 149, 53, 0, 0, 1, 0, 1, 0, 0, 0, 0, 0, 232, 44, 213, 63, 225, 74, 169, 189, 106, 39, 5, 189, 0, 0, 0, 0, 0, 0, 152, 65, 120, 122, 213, 63, 0, 0, 132, 66, 0, 0, 0, 0, 0, 0, 0, 0, 149, 53, 0, 0, 1, 0, 1, 0, 0, 0, 0, 0, 39, 103, 149, 63, 155, 100, 6, 64, 9, 5, 153, 62, 0, 0, 0, 0, 0, 0, 48, 65, 170, 241, 26, 64, 0, 0, 144, 66, 0, 0, 0, 0, 0, 0, 0, 0, 149, 53, 0, 0, 1, 0, 1, 0, 0, 0, 0, 0, 141, 136, 211, 63, 162, 16, 244, 63, 110, 59, 40, 62, 0, 0, 0, 0, 0, 0, 16, 65, 149, 212, 33, 64, 0, 0, 146, 66, 0, 0, 0, 0, 0, 0, 0, 0, 149, 53, 0, 0, 1, 0, 1, 0, 0, 0, 0, 0, 117, 46, 210, 63, 230, 27, 255, 63, 2, 115, 137, 188, 0, 0, 0, 0, 0, 0, 96, 65, 11, 70, 37, 64, 0, 0, 148, 66, 0, 0, 0, 0, 0, 0, 0, 0, 149, 53, 0, 0, 1, 0, 1, 0, 0, 0, 0, 0, 0, 29, 213, 63, 38, 207, 2, 64, 0, 0, 0, 0, 0, 0, 0, 0, 0, 0, 112, 65, 128, 183, 40, 64, 0, 0, 150, 66, 0, 0, 0, 0, 0, 0, 0, 0, 149, 53, 0, 0, 1, 0, 1, 0, 0, 0, 0, 0, 153, 80, 223, 63, 113, 10, 3, 64, 0, 0, 0, 0, 0, 0, 0, 0, 0, 0, 64, 65, 246, 40, 44, 64, 0, 0, 154, 66, 0, 0, 0, 0, 0, 0, 0, 0, 149, 53, 0, 0, 1, 0, 1, 0, 0, 0, 0, 0, 87, 160, 133, 64, 38, 44, 221, 63, 0, 0, 0, 0, 0, 0, 0, 0, 0, 0, 16, 65, 73, 157, 144, 64, 0, 0, 182, 66, 0, 0, 0, 0, 0, 0, 0, 0, 149, 53, 0, 0, 1, 0, 1, 0, 0, 0, 0, 0, 157, 253, 215, 64, 233, 192, 174, 63, 0, 0, 0, 0, 0, 0, 0, 0, 0, 0, 32, 65, 100, 93, 220, 64, 0, 0, 164, 66, 0, 0, 0, 0, 0, 0, 0, 0, 149, 53, 0, 0, 1, 0, 1, 0, 0, 0, 0, 0, 234, 182, 218, 64, 157, 26, 154, 63, 139, 178, 56, 189, 0, 0, 0, 0, 0, 0, 96, 65, 30, 22, 222, 64, 0, 0, 164, 66, 0, 0, 0, 0, 0, 0, 0, 0, 149, 53, 0, 0, 1, 0, 1, 0, 0, 0, 0, 0, 1, 212, 219, 64, 219, 249, 167, 63, 19, 33, 58, 189, 0, 0, 0, 0, 0, 0, 64, 65, 217, 206, 223, 64, 0, 0, 164, 66, 0, 0, 0, 0, 0, 0, 0, 0, 149, 53, 0, 0, 1, 0, 1, 0, 0, 0, 0, 0, 178, 238, 2, 65, 84, 190, 13, 63, 110, 252, 49, 191, 0, 0, 0, 0, 0, 0, 48, 65, 208, 179, 3, 65, 0, 0, 162, 66, 0, 0, 0, 0, 0, 0, 0, 0, 149, 53, 0, 0, 1, 0, 1, 0, 0, 0, 0, 0, 67, 144, 3, 65, 18, 176, 29, 63, 246, 181, 78, 191, 0, 0, 0, 0, 0, 0, 48, 65, 46, 144, 4, 65, 0, 0, 162, 66, 0, 0, 0, 0, 0, 0, 0, 0, 149, 53, 0, 0, 1, 0, 1, 0, 0, 0, 0, 0, 97, 207, 89, 65, 129, 91, 202, 64, 0, 0, 0, 0, 0, 0, 0, 0, 0, 0, 32, 65, 199, 41, 112, 65, 0, 0, 144, 66, 0, 0, 0, 0, 0, 0, 0, 0, 149, 53, 0, 0, 1, 0, 1, 0, 0, 0, 0, 0, 185, 71, 88, 65, 154, 157, 211, 64, 22, 100, 47, 63, 0, 0, 0, 0, 0, 0, 32, 65, 37, 6, 113, 65, 0, 0, 142, 66, 0, 0, 0, 0, 0, 0, 0, 0, 149, 53, 0, 0, 1, 0, 1, 0, 0, 0, 0, 0, 239, 224, 145, 65, 66, 60, 132, 62, 16, 175, 114, 190, 0, 0, 0, 0, 0, 0, 224, 64, 213, 231, 145, 65, 0, 0, 142, 66, 0, 0, 0, 0, 0, 0, 0, 0, 149, 53, 0, 0, 1, 0, 1, 0, 0, 0, 0, 0, 211, 207, 38, 65, 24, 97, 134, 193, 231, 35, 231, 63, 0, 0, 0, 0, 0, 0, 16, 65, 78, 209, 158, 65, 0, 0, 134, 66, 0, 0, 0, 0, 0, 0, 0, 0, 149, 53, 0, 0, 1, 0, 1, 0, 0, 0, 0, 0, 227, 234, 190, 65, 253, 21, 252, 64, 38, 191, 50, 64, 0, 0, 0, 0, 0, 0, 192, 64, 186, 73, 202, 65, 0, 0, 128, 66, 0, 0, 0, 0, 0, 0, 0, 0, 149, 53, 0, 0, 1, 0, 1, 0, 0, 0, 0, 0, 232, 24, 189, 65, 39, 170, 12, 65, 159, 13, 30, 64, 0, 0, 0, 0, 0, 0, 192, 64, 233, 183, 202, 65, 0, 0, 130, 66, 0, 0, 0, 0, 0, 0, 0, 0, 149, 53, 0, 0, 1, 0, 1, 0, 0, 0, 0, 0, 203, 251, 218, 65, 52, 206, 223, 63, 191, 140, 54, 191, 0, 0, 0, 0, 0, 0, 192, 64, 6, 129, 219, 65, 0, 0, 124, 66, 0, 0, 0, 0, 0, 0, 0, 0, 149, 53, 0, 0, 1, 0, 1, 0, 0, 0, 0, 0, 229, 204, 183, 63, 140, 236, 122, 188, 116, 80, 6, 190, 0, 0, 0, 0, 0, 0, 24, 66, 117, 147, 184, 63, 0, 0, 112, 66, 0, 0, 0, 0, 0, 0, 0, 0, 149, 53, 0, 0, 1, 0, 0, 0, 0, 0, 0, 0, 141, 158, 202, 63, 0, 0, 0, 0, 147, 111, 84, 190, 0, 0, 0, 0, 0, 0, 12, 66, 29, 90, 204, 63, 0, 0, 116, 66, 0, 0, 0, 0, 0, 0, 0, 0, 149, 53, 0, 0, 1, 0, 0, 0, 0, 0, 0, 0, 136, 249, 209, 63, 230, 19, 215, 189, 172, 55, 241, 189, 0, 0, 0, 0, 0, 0, 192, 65, 170, 241, 210, 63, 0, 0, 128, 66, 0, 0, 0, 0, 0, 0, 0, 0, 149, 53, 0, 0, 1, 0, 0, 0, 0, 0, 0, 0, 132, 223, 149, 63, 128, 93, 6, 64, 162, 239, 144, 62, 0, 0, 0, 0, 0, 0, 48, 65, 121, 233, 26, 64, 0, 0, 144, 66, 0, 0, 0, 0, 0, 0, 0, 0, 149, 53, 0, 0, 1, 0, 0, 0, 0, 0, 0, 0, 116, 244, 210, 63, 9, 54, 253, 63, 46, 14, 9, 189, 0, 0, 0, 0, 0, 0, 64, 65, 205, 204, 36, 64, 0, 0, 150, 66, 0, 0, 0, 0, 0, 0, 0, 0, 149, 53, 0, 0, 1, 0, 0, 0, 0, 0, 0, 0, 44, 200, 213, 63, 150, 187, 1, 64, 0, 0, 0, 0, 0, 0, 0, 0, 0, 0, 96, 65, 147, 24, 40, 64, 0, 0, 150, 66, 0, 0, 0, 0, 0, 0, 0, 0, 149, 53, 0, 0, 1, 0, 0, 0, 0, 0, 0, 0, 186, 225, 227, 63, 116, 7, 0, 64, 160, 137, 142, 60, 0, 0, 0, 0, 0, 0, 48, 65, 90, 100, 43, 64, 0, 0, 154, 66, 0, 0, 0, 0, 0, 0, 0, 0, 149, 53, 0, 0, 1, 0, 0, 0, 0, 0, 0, 0, 12, 19, 134, 64, 88, 1, 201, 63, 243, 121, 110, 62, 0, 0, 0, 0, 0, 0, 16, 65, 66, 96, 143, 64, 0, 0, 186, 66, 0, 0, 0, 0, 0, 0, 0, 0, 149, 53, 0, 0, 1, 0, 0, 0, 0, 0, 0, 0, 233, 232, 216, 64, 14, 190, 165, 63, 0, 0, 0, 0, 0, 0, 0, 0, 0, 0, 64, 65, 254, 212, 220, 64, 0, 0, 164, 66, 0, 0, 0, 0, 0, 0, 0, 0, 149, 53, 0, 0, 1, 0, 0, 0, 0, 0, 0, 0, 47, 95, 218, 64, 61, 33, 170, 63, 87, 6, 57, 189, 0, 0, 0, 0, 0, 0, 96, 65, 225, 122, 222, 64, 0, 0, 164, 66, 0, 0, 0, 0, 0, 0, 0, 0, 149, 53, 0, 0, 1, 0, 0, 0, 0, 0, 0, 0, 209, 34, 221, 64, 186, 255, 145, 63, 0, 0, 0, 0, 0, 0, 0, 0, 0, 0, 48, 65, 197, 32, 224, 64, 0, 0, 164, 66, 0, 0, 0, 0, 0, 0, 0, 0, 149, 53, 0, 0, 1, 0, 0, 0, 0, 0, 0, 0, 186, 100, 3, 65, 112, 108, 6, 63, 227, 73, 219, 190, 0, 0, 0, 0, 0, 0, 64, 65, 10, 215, 3, 65, 0, 0, 162, 66, 0, 0, 0, 0, 0, 0, 0, 0, 149, 53, 0, 0, 1, 0, 0, 0, 0, 0, 0, 0, 36, 21, 4, 65, 68, 199, 14, 63, 119, 233, 9, 191, 0, 0, 0, 0, 0, 0, 32, 65, 252, 169, 4, 65, 0, 0, 162, 66, 0, 0, 0, 0, 0, 0, 0, 0, 149, 53, 0, 0, 1, 0, 0, 0, 0, 0, 0, 0, 47, 63, 90, 65, 113, 164, 198, 64, 0, 0, 0, 0, 0, 0, 0, 0, 0, 0, 0, 65, 180, 200, 111, 65, 0, 0, 144, 66, 0, 0, 0, 0, 0, 0, 0, 0, 149, 53, 0, 0, 1, 0, 0, 0, 0, 0, 0, 0, 198, 63, 90, 65, 81, 7, 201, 64, 210, 25, 72, 63, 0, 0, 0, 0, 0, 0, 48, 65, 166, 155, 112, 65, 0, 0, 142, 66, 0, 0, 0, 0, 0, 0, 0, 0, 149, 53, 0, 0, 1, 0, 0, 0, 0, 0, 0, 0, 131, 149, 142, 65, 196, 145, 129, 62, 59, 123, 163, 191, 0, 0, 0, 0, 0, 0, 0, 65, 201, 246, 142, 65, 0, 0, 142, 66, 0, 0, 0, 0, 0, 0, 0, 0, 149, 53, 0, 0, 1, 0, 0, 0, 0, 0, 0, 0, 64, 206, 145, 65, 229, 46, 132, 62, 231, 240, 181, 190, 0, 0, 0, 0, 0, 0, 0, 65, 23, 217, 145, 65, 0, 0, 142, 66, 0, 0, 0, 0, 0, 0, 0, 0, 149, 53, 0, 0, 1, 0, 0, 0, 0, 0, 0, 0, 89, 41, 57, 65, 181, 152, 128, 193, 71, 218, 102, 63, 0, 0, 0, 0, 0, 0, 224, 64, 184, 158, 158, 65, 0, 0, 136, 66, 0, 0, 0, 0, 0, 0, 0, 0, 149, 53, 0, 0, 1, 0, 0, 0, 0, 0, 0, 0, 53, 146, 190, 65, 181, 19, 2, 65, 72, 218, 230, 63, 0, 0, 0, 0, 0, 0, 192, 64, 72, 225, 201, 65, 0, 0, 128, 66, 0, 0, 0, 0, 0, 0, 0, 0, 149, 53, 0, 0, 1, 0, 0, 0, 0, 0, 0, 0, 90, 25, 191, 65, 253, 232, 0, 65, 109, 90, 252, 63, 0, 0, 0, 0, 0, 0, 224, 64, 193, 74, 202, 65, 0, 0, 128, 66, 0, 0, 0, 0, 0, 0, 0, 0, 149, 53, 0, 0, 1, 0, 0, 0, 0, 0, 0, 0, 6, 134, 187, 65, 106, 146, 25, 65, 0, 148, 40, 63, 0, 0, 0, 0, 0, 0, 192, 64, 57, 180, 202, 65, 0, 0, 128, 66, 0, 0, 0, 0, 0, 0, 0, 0, 149, 53, 0, 0, 1, 0, 0, 0, 0, 0, 0, 0, 110, 151, 216, 65, 67, 199, 14, 64, 197, 218, 99, 64, 0, 0, 0, 0, 0, 0, 0, 65, 27, 47, 219, 65, 0, 0, 120, 66, 0, 0, 0, 0, 0, 0, 0, 0, 149, 53, 0, 0, 1, 0, 0, 0, 0, 0, 0, 0, 248, 221, 218, 65, 134, 5, 199, 63, 96, 116, 205, 63, 0, 0, 0, 0, 0, 0, 224, 64, 147, 152, 219, 65, 0, 0, 124, 66, 0, 0, 0, 0, 0, 0, 0, 0, 149, 53, 0, 0, 1, 0, 0, 0, 0, 0, 0, 0, 186, 209, 181, 63, 0, 0, 0, 0, 178, 129, 227, 189, 0, 0, 0, 0, 0, 0, 12, 66, 217, 95, 182, 63, 0, 0, 120, 66, 0, 0, 0, 0, 0, 0, 0, 0, 149, 53, 0, 0, 1, 0, 3, 0, 0, 0, 0, 0, 11, 59, 189, 63, 97, 48, 22, 189, 119, 225, 68, 189, 0, 0, 0, 0, 0, 0, 28, 66, 136, 99, 189, 63, 0, 0, 116, 66, 0, 0, 0, 0, 0, 0, 0, 0, 149, 53, 0, 0, 1, 0, 3, 0, 0, 0, 0, 0, 163, 160, 195, 63, 87, 128, 133, 189, 211, 1, 245, 189, 0, 0, 0, 0, 0, 0, 32, 66, 56, 103, 196, 63, 0, 0, 116, 66, 0, 0, 0, 0, 0, 0, 0, 0, 149, 53, 0, 0, 1, 0, 3, 0, 0, 0, 0, 0, 164, 247, 202, 63, 229, 91, 184, 188, 232, 118, 211, 189, 0, 0, 0, 0, 0, 0, 20, 66, 232, 106, 203, 63, 0, 0, 116, 66, 0, 0, 0, 0, 0, 0, 0, 0, 149, 53, 0, 0, 1, 0, 3, 0, 0, 0, 0, 0, 11, 106, 210, 63, 0, 0, 0, 0, 77, 1, 175, 188, 0, 0, 0, 0, 0, 0, 208, 65, 152, 110, 210, 63, 0, 0, 124, 66, 0, 0, 0, 0, 0, 0, 0, 0, 149, 53, 0, 0, 1, 0, 3, 0, 0, 0, 0, 0, 91, 104, 156, 63, 15, 85, 8, 64, 181, 177, 101, 62, 0, 0, 0, 0, 0, 0, 32, 65, 242, 210, 29, 64, 0, 0, 146, 66, 0, 0, 0, 0, 0, 0, 0, 0, 149, 53, 0, 0, 1, 0, 3, 0, 0, 0, 0, 0, 49, 155, 188, 63, 103, 203, 2, 64, 149, 182, 167, 61, 0, 0, 0, 0, 0, 0, 48, 65, 202, 84, 33, 64, 0, 0, 146, 66, 0, 0, 0, 0, 0, 0, 0, 0, 149, 53, 0, 0, 1, 0, 3, 0, 0, 0, 0, 0, 245, 197, 206, 63, 193, 98, 0, 64, 0, 0, 0, 0, 0, 0, 0, 0, 0, 0, 96, 65, 161, 214, 36, 64, 0, 0, 148, 66, 0, 0, 0, 0, 0, 0, 0, 0, 149, 53, 0, 0, 1, 0, 3, 0, 0, 0, 0, 0, 112, 25, 214, 63, 230, 236, 1, 64, 0, 0, 0, 0, 0, 0, 0, 0, 0, 0, 112, 65, 121, 88, 40, 64, 0, 0, 150, 66, 0, 0, 0, 0, 0, 0, 0, 0, 149, 53, 0, 0, 1, 0, 3, 0, 0, 0, 0, 0, 150, 234, 222, 63, 149, 206, 2, 64, 0, 0, 0, 0, 0, 0, 0, 0, 0, 0, 64, 65, 81, 218, 43, 64, 0, 0, 152, 66, 0, 0, 0, 0, 0, 0, 0, 0, 149, 53, 0, 0, 1, 0, 3, 0, 0, 0, 0, 0, 150, 251, 131, 64, 25, 49, 209, 63, 25, 169, 19, 190, 0, 0, 0, 0, 0, 0, 32, 65, 166, 10, 142, 64, 0, 0, 182, 66, 0, 0, 0, 0, 0, 0, 0, 0, 149, 53, 0, 0, 1, 0, 3, 0, 0, 0, 0, 0, 253, 115, 133, 64, 171, 179, 207, 63, 228, 70, 209, 62, 0, 0, 0, 0, 0, 0, 48, 65, 146, 203, 143, 64, 0, 0, 180, 66, 0, 0, 0, 0, 0, 0, 0, 0, 149, 53, 0, 0, 1, 0, 3, 0, 0, 0, 0, 0, 214, 62, 216, 64, 117, 122, 181, 63, 0, 0, 0, 0, 0, 0, 0, 0, 0, 0, 32, 65, 31, 244, 220, 64, 0, 0, 166, 66, 0, 0, 0, 0, 0, 0, 0, 0, 149, 53, 0, 0, 1, 0, 3, 0, 0, 0, 0, 0, 70, 152, 218, 64, 183, 77, 170, 63, 182, 54, 57, 189, 0, 0, 0, 0, 0, 0, 64, 65, 11, 181, 222, 64, 0, 0, 164, 66, 0, 0, 0, 0, 0, 0, 0, 0, 149, 53, 0, 0, 1, 0, 3, 0, 0, 0, 0, 0, 7, 130, 2, 65, 18, 140, 13, 63, 161, 193, 90, 191, 0, 0, 0, 0, 0, 0, 16, 65, 31, 133, 3, 65, 0, 0, 164, 66, 0, 0, 0, 0, 0, 0, 0, 0, 149, 53, 0, 0, 1, 0, 3, 0, 0, 0, 0, 0, 150, 202, 2, 65, 7, 253, 51, 63, 91, 162, 137, 191, 0, 0, 0, 0, 0, 0, 16, 65, 149, 101, 4, 65, 0, 0, 164, 66, 0, 0, 0, 0, 0, 0, 0, 0, 149, 53, 0, 0, 1, 0, 3, 0, 0, 0, 0, 0, 97, 171, 88, 65, 131, 97, 203, 64, 123, 17, 71, 190, 0, 0, 0, 0, 0, 0, 0, 65, 204, 93, 111, 65, 0, 0, 146, 66, 0, 0, 0, 0, 0, 0, 0, 0, 149, 53, 0, 0, 1, 0, 3, 0, 0, 0, 0, 0, 168, 214, 84, 65, 99, 214, 222, 64, 39, 204, 199, 61, 0, 0, 0, 0, 0, 0, 32, 65, 66, 62, 112, 65, 0, 0, 146, 66, 0, 0, 0, 0, 0, 0, 0, 0, 149, 53, 0, 0, 1, 0, 3, 0, 0, 0, 0, 0, 201, 64, 85, 65, 149, 166, 223, 64, 211, 134, 72, 63, 0, 0, 0, 0, 0, 0, 0, 65, 184, 30, 113, 65, 0, 0, 146, 66, 0, 0, 0, 0, 0, 0, 0, 0, 149, 53, 0, 0, 1, 0, 3, 0, 0, 0, 0, 0, 21, 235, 142, 65, 189, 165, 178, 63, 198, 113, 238, 61, 0, 0, 0, 0, 0, 0, 0, 65, 87, 91, 143, 65, 0, 0, 142, 66, 0, 0, 0, 0, 0, 0, 0, 0, 149, 53, 0, 0, 1, 0, 3, 0, 0, 0, 0, 0, 138, 137, 144, 65, 165, 69, 69, 63, 89, 5, 181, 191, 0, 0, 0, 0, 0, 0, 224, 64, 67, 28, 145, 65, 0, 0, 138, 66, 0, 0, 0, 0, 0, 0, 0, 0, 149, 53, 0, 0, 1, 0, 3, 0, 0, 0, 0, 0, 248, 121, 145, 65, 149, 216, 230, 62, 90, 145, 181, 190, 0, 0, 0, 0, 0, 0, 0, 65, 126, 140, 145, 65, 0, 0, 138, 66, 0, 0, 0, 0, 0, 0, 0, 0, 149, 53, 0, 0, 1, 0, 3, 0, 0, 0, 0, 0, 130, 228, 145, 65, 253, 98, 37, 63, 207, 209, 242, 61, 0, 0, 0, 0, 0, 0, 224, 64, 185, 252, 145, 65, 0, 0, 140, 66, 0, 0, 0, 0, 0, 0, 0, 0, 149, 53, 0, 0, 1, 0, 3, 0, 0, 0, 0, 0, 192, 70, 180, 63, 153, 184, 117, 188, 87, 176, 206, 189, 0, 0, 0, 0, 0, 0, 4, 66, 177, 191, 180, 63, 0, 0, 116, 66, 0, 0, 0, 0, 0, 0, 0, 0, 149, 53, 0, 0, 1, 0, 2, 0, 0, 0, 0, 0, 7, 141, 186, 63, 0, 0, 0, 0, 196, 36, 18, 190, 0, 0, 0, 0, 0, 0, 28, 66, 118, 113, 187, 63, 0, 0, 116, 66, 0, 0, 0, 0, 0, 0, 0, 0, 149, 53, 0, 0, 1, 0, 2, 0, 0, 0, 0, 0, 32, 137, 193, 63, 25, 246, 131, 188, 77, 46, 242, 189, 0, 0, 0, 0, 0, 0, 32, 66, 58, 35, 194, 63, 0, 0, 116, 66, 0, 0, 0, 0, 0, 0, 0, 0, 149, 53, 0, 0, 1, 0, 2, 0, 0, 0, 0, 0, 116, 101, 200, 63, 0, 131, 136, 188, 207, 198, 208, 189, 0, 0, 0, 0, 0, 0, 28, 66, 254, 212, 200, 63, 0, 0, 116, 66, 0, 0, 0, 0, 0, 0, 0, 0, 149, 53, 0, 0, 1, 0, 2, 0, 0, 0, 0, 0, 241, 50, 207, 63, 230, 15, 13, 189, 178, 150, 172, 189, 0, 0, 0, 0, 0, 0, 248, 65, 194, 134, 207, 63, 0, 0, 124, 66, 0, 0, 0, 0, 0, 0, 0, 0, 149, 53, 0, 0, 1, 0, 2, 0, 0, 0, 0, 0, 174, 252, 213, 63, 205, 156, 145, 188, 243, 226, 155, 61, 0, 0, 0, 0, 0, 0, 136, 65, 134, 56, 214, 63, 0, 0, 134, 66, 0, 0, 0, 0, 0, 0, 0, 0, 149, 53, 0, 0, 1, 0, 2, 0, 0, 0, 0, 0, 27, 52, 138, 63, 83, 70, 8, 64, 23, 15, 152, 62, 0, 0, 0, 0, 0, 0, 16, 65, 161, 248, 25, 64, 0, 0, 146, 66, 0, 0, 0, 0, 0, 0, 0, 0, 149, 53, 0, 0, 1, 0, 2, 0, 0, 0, 0, 0, 44, 194, 216, 63, 240, 49, 246, 63, 149, 102, 136, 60, 0, 0, 0, 0, 0, 0, 64, 65, 71, 3, 36, 64, 0, 0, 150, 66, 0, 0, 0, 0, 0, 0, 0, 0, 149, 53, 0, 0, 1, 0, 2, 0, 0, 0, 0, 0, 181, 239, 209, 63, 136, 89, 2, 64, 0, 0, 0, 0, 0, 0, 0, 0, 0, 0, 112, 65, 41, 92, 39, 64, 0, 0, 150, 66, 0, 0, 0, 0, 0, 0, 0, 0, 149, 53, 0, 0, 1, 0, 2, 0, 0, 0, 0, 0, 222, 157, 225, 63, 54, 31, 0, 64, 0, 0, 0, 0, 0, 0, 0, 0, 0, 0, 80, 65, 11, 181, 42, 64, 0, 0, 154, 66, 0, 0, 0, 0, 0, 0, 0, 0, 149, 53, 0, 0, 1, 0, 2, 0, 0, 0, 0, 0, 70, 122, 131, 64, 95, 20, 199, 63, 0, 0, 0, 0, 0, 0, 0, 0, 0, 0, 16, 65, 24, 149, 140, 64, 0, 0, 184, 66, 0, 0, 0, 0, 0, 0, 0, 0, 149, 53, 0, 0, 1, 0, 2, 0, 0, 0, 0, 0, 248, 86, 133, 64, 171, 107, 197, 63, 40, 226, 19, 62, 0, 0, 0, 0, 0, 0, 16, 65, 137, 65, 142, 64, 0, 0, 184, 66, 0, 0, 0, 0, 0, 0, 0, 0, 149, 53, 0, 0, 1, 0, 2, 0, 0, 0, 0, 0, 97, 151, 130, 64, 94, 61, 226, 63, 20, 17, 44, 63, 0, 0, 0, 0, 0, 0, 16, 65, 250, 237, 143, 64, 0, 0, 182, 66, 0, 0, 0, 0, 0, 0, 0, 0, 149, 53, 0, 0, 1, 0, 2, 0, 0, 0, 0, 0, 55, 53, 216, 64, 98, 114, 181, 63, 0, 0, 0, 0, 0, 0, 0, 0, 0, 0, 48, 65, 75, 234, 220, 64, 0, 0, 166, 66, 0, 0, 0, 0, 0, 0, 0, 0, 149, 53, 0, 0, 1, 0, 2, 0, 0, 0, 0, 0, 134, 122, 218, 64, 137, 54, 170, 63, 129, 29, 57, 189, 0, 0, 0, 0, 0, 0, 80, 65, 188, 150, 222, 64, 0, 0, 164, 66, 0, 0, 0, 0, 0, 0, 0, 0, 149, 53, 0, 0, 1, 0, 2, 0, 0, 0, 0, 0, 131, 219, 220, 64, 39, 157, 155, 63, 209, 129, 58, 189, 0, 0, 0, 0, 0, 0, 16, 65, 45, 67, 224, 64, 0, 0, 164, 66, 0, 0, 0, 0, 0, 0, 0, 0, 149, 53, 0, 0, 1, 0, 2, 0, 0, 0, 0, 0, 9, 99, 2, 65, 8, 71, 28, 63, 174, 220, 76, 191, 0, 0, 0, 0, 0, 0, 32, 65, 170, 96, 3, 65, 0, 0, 164, 66, 0, 0, 0, 0, 0, 0, 0, 0, 149, 53, 0, 0, 1, 0, 2, 0, 0, 0, 0, 0, 163, 236, 2, 65, 140, 189, 51, 63, 227, 167, 105, 191, 0, 0, 0, 0, 0, 0, 48, 65, 227, 54, 4, 65, 0, 0, 164, 66, 0, 0, 0, 0, 0, 0, 0, 0, 149, 53, 0, 0, 1, 0, 2, 0, 0, 0, 0, 0, 35, 225, 90, 65, 164, 45, 193, 64, 160, 8, 199, 190, 0, 0, 0, 0, 0, 0, 224, 64, 38, 83, 111, 65, 0, 0, 146, 66, 0, 0, 0, 0, 0, 0, 0, 0, 149, 53, 0, 0, 1, 0, 2, 0, 0, 0, 0, 0, 2, 155, 88, 65, 32, 117, 207, 64, 0, 0, 0, 0, 0, 0, 0, 0, 0, 0, 32, 65, 95, 41, 112, 65, 0, 0, 144, 66, 0, 0, 0, 0, 0, 0, 0, 0, 149, 53, 0, 0, 1, 0, 2, 0, 0, 0, 0, 0, 233, 176, 86, 65, 50, 107, 218, 64, 43, 136, 250, 62, 0, 0, 0, 0, 0, 0, 32, 65, 151, 255, 112, 65, 0, 0, 144, 66, 0, 0, 0, 0, 0, 0, 0, 0, 149, 53, 0, 0, 1, 0, 2, 0, 0, 0, 0, 0, 1, 245, 142, 65, 132, 81, 50, 63, 6, 129, 178, 190, 0, 0, 0, 0, 0, 0, 0, 65, 194, 23, 143, 65, 0, 0, 142, 66, 0, 0, 0, 0, 0, 0, 0, 0, 149, 53, 0, 0, 1, 0, 2, 0, 0, 0, 0, 0, 229, 149, 145, 65, 25, 246, 131, 62, 76, 46, 242, 189, 0, 0, 0, 0, 0, 0, 0, 65, 107, 154, 145, 65, 0, 0, 140, 66, 0, 0, 0, 0, 0, 0, 0, 0, 149, 53, 0, 0, 1, 0, 2, 0, 0, 0, 0, 0, 75, 162, 56, 65, 74, 223, 126, 193, 172, 154, 28, 64, 0, 0, 0, 0, 0, 0, 0, 65, 215, 146, 158, 65, 0, 0, 134, 66, 0, 0, 0, 0, 0, 0, 0, 0, 149, 53, 0, 0, 1, 0, 2, 0, 0, 0, 0, 0, 97, 139, 43, 65, 76, 38, 131, 193, 173, 221, 86, 64, 0, 0, 0, 0, 0, 0, 16, 65, 244, 253, 158, 65, 0, 0, 134, 66, 0, 0, 0, 0, 0, 0, 0, 0, 149, 53, 0, 0, 1, 0, 2, 0, 0, 0, 0, 0, 11, 161, 218, 65, 234, 244, 235, 63, 25, 234, 99, 63, 0, 0, 0, 0, 0, 0, 192, 64, 217, 61, 219, 65, 0, 0, 124, 66, 0, 0, 0, 0, 0, 0, 0, 0, 149, 53, 0, 0, 1, 0, 2, 0, 0, 0, 0, 0, 124, 77, 219, 65, 95, 20, 199, 63, 245, 173, 54, 190, 0, 0, 0, 0, 0, 0, 192, 64, 246, 168, 219, 65, 0, 0, 124, 66, 0, 0, 0, 0, 0, 0, 0, 0, 149, 53, 0, 0, 1, 0, 2, 0, 0, 0, 0, 0, 8, 171, 178, 63, 0, 0, 0, 0, 19, 33, 186, 189, 0, 0, 0, 0, 0, 0, 240, 65, 225, 11, 179, 63, 0, 0, 116, 66, 0, 0, 0, 0, 0, 0, 0, 0, 149, 53, 0, 0, 1, 0, 1, 0, 0, 0, 0, 0, 157, 202, 185, 63, 0, 0, 0, 0, 20, 242, 103, 189, 0, 0, 0, 0, 0, 0, 28, 66, 204, 238, 185, 63, 0, 0, 116, 66, 0, 0, 0, 0, 0, 0, 0, 0, 149, 53, 0, 0, 1, 0, 1, 0, 0, 0, 0, 0, 169, 183, 192, 63, 0, 0, 0, 0, 99, 114, 72, 189, 0, 0, 0, 0, 0, 0, 32, 66, 183, 209, 192, 63, 0, 0, 116, 66, 0, 0, 0, 0, 0, 0, 0, 0, 149, 53, 0, 0, 1, 0, 1, 0, 0, 0, 0, 0, 229, 49, 199, 63, 0, 0, 0, 0, 192, 93, 228, 189, 0, 0, 0, 0, 0, 0, 32, 66, 162, 180, 199, 63, 0, 0, 112, 66, 0, 0, 0, 0, 0, 0, 0, 0, 149, 53, 0, 0, 1, 0, 1, 0, 0, 0, 0, 0, 75, 44, 205, 63, 103, 60, 187, 187, 187, 73, 65, 190, 0, 0, 0, 0, 0, 0, 0, 66, 141, 151, 206, 63, 0, 0, 116, 66, 0, 0, 0, 0, 0, 0, 0, 0, 149, 53, 0, 0, 1, 0, 1, 0, 0, 0, 0, 0, 232, 44, 213, 63, 225, 74, 169, 189, 106, 39, 5, 189, 0, 0, 0, 0, 0, 0, 160, 65, 120, 122, 213, 63, 0, 0, 132, 66, 0, 0, 0, 0, 0, 0, 0, 0, 149, 53, 0, 0, 1, 0, 1, 0, 0, 0, 0, 0, 27, 210, 150, 63, 155, 100, 6, 64, 210, 219, 128, 62, 0, 0, 0, 0, 0, 0, 48, 65, 170, 241, 26, 64, 0, 0, 144, 66, 0, 0, 0, 0, 0, 0, 0, 0, 149, 53, 0, 0, 1, 0, 1, 0, 0, 0, 0, 0, 167, 143, 211, 63, 82, 240, 253, 63, 2, 115, 9, 189, 0, 0, 0, 0, 0, 0, 80, 65, 11, 70, 37, 64, 0, 0, 148, 66, 0, 0, 0, 0, 0, 0, 0, 0, 149, 53, 0, 0, 1, 0, 1, 0, 0, 0, 0, 0, 75, 146, 214, 63, 61, 54, 2, 64, 0, 0, 0, 0, 0, 0, 0, 0, 0, 0, 96, 65, 128, 183, 40, 64, 0, 0, 150, 66, 0, 0, 0, 0, 0, 0, 0, 0, 149, 53, 0, 0, 1, 0, 1, 0, 0, 0, 0, 0, 153, 80, 223, 63, 113, 10, 3, 64, 0, 0, 0, 0, 0, 0, 0, 0, 0, 0, 48, 65, 246, 40, 44, 64, 0, 0, 154, 66, 0, 0, 0, 0, 0, 0, 0, 0, 149, 53, 0, 0, 1, 0, 1, 0, 0, 0, 0, 0, 87, 160, 133, 64, 38, 44, 221, 63, 0, 0, 0, 0, 0, 0, 0, 0, 0, 0, 16, 65, 73, 157, 144, 64, 0, 0, 182, 66, 0, 0, 0, 0, 0, 0, 0, 0, 149, 53, 0, 0, 1, 0, 1, 0, 0, 0, 0, 0, 102, 252, 215, 64, 233, 192, 174, 63, 3, 68, 55, 189, 0, 0, 0, 0, 0, 0, 32, 65, 100, 93, 220, 64, 0, 0, 164, 66, 0, 0, 0, 0, 0, 0, 0, 0, 149, 53, 0, 0, 1, 0, 1, 0, 0, 0, 0, 0, 109, 143, 218, 64, 187, 63, 157, 63, 139, 178, 184, 189, 0, 0, 0, 0, 0, 0, 96, 65, 30, 22, 222, 64, 0, 0, 164, 66, 0, 0, 0, 0, 0, 0, 0, 0, 149, 53, 0, 0, 1, 0, 1, 0, 0, 0, 0, 0, 46, 169, 219, 64, 54, 37, 171, 63, 19, 33, 186, 189, 0, 0, 0, 0, 0, 0, 64, 65, 217, 206, 223, 64, 0, 0, 164, 66, 0, 0, 0, 0, 0, 0, 0, 0, 149, 53, 0, 0, 1, 0, 1, 0, 0, 0, 0, 0, 139, 212, 2, 65, 191, 31, 36, 63, 110, 252, 49, 191, 0, 0, 0, 0, 0, 0, 48, 65, 208, 179, 3, 65, 0, 0, 162, 66, 0, 0, 0, 0, 0, 0, 0, 0, 149, 53, 0, 0, 1, 0, 1, 0, 0, 0, 0, 0, 1, 103, 3, 65, 166, 180, 44, 63, 211, 125, 92, 191, 0, 0, 0, 0, 0, 0, 48, 65, 46, 144, 4, 65, 0, 0, 162, 66, 0, 0, 0, 0, 0, 0, 0, 0, 149, 53, 0, 0, 1, 0, 1, 0, 0, 0, 0, 0, 193, 105, 89, 65, 212, 14, 204, 64, 0, 0, 0, 0, 0, 0, 0, 0, 0, 0, 32, 65, 199, 41, 112, 65, 0, 0, 144, 66, 0, 0, 0, 0, 0, 0, 0, 0, 149, 53, 0, 0, 1, 0, 1, 0, 0, 0, 0, 0, 197, 173, 87, 65, 124, 82, 213, 64, 176, 128, 97, 63, 0, 0, 0, 0, 0, 0, 48, 65, 37, 6, 113, 65, 0, 0, 142, 66, 0, 0, 0, 0, 0, 0, 0, 0, 149, 53, 0, 0, 1, 0, 1, 0, 0, 0, 0, 0, 238, 206, 142, 65, 63, 129, 1, 63, 39, 65, 178, 190, 0, 0, 0, 0, 0, 0, 224, 64, 143, 228, 142, 65, 0, 0, 142, 66, 0, 0, 0, 0, 0, 0, 0, 0, 149, 53, 0, 0, 1, 0, 1, 0, 0, 0, 0, 0, 116, 31, 143, 65, 75, 20, 83, 63, 120, 99, 238, 190, 0, 0, 0, 0, 0, 0, 224, 64, 189, 82, 143, 65, 0, 0, 142, 66, 0, 0, 0, 0, 0, 0, 0, 0, 149, 53, 0, 0, 1, 0, 1, 0, 0, 0, 0, 0, 245, 194, 145, 65, 100, 90, 70, 63, 16, 175, 114, 190, 0, 0, 0, 0, 0, 0, 224, 64, 213, 231, 145, 65, 0, 0, 142, 66, 0, 0, 0, 0, 0, 0, 0, 0, 149, 53, 0, 0, 1, 0, 1, 0, 0, 0, 0, 0, 229, 4, 42, 65, 56, 65, 133, 193, 119, 166, 247, 63, 0, 0, 0, 0, 0, 0, 16, 65, 78, 209, 158, 65, 0, 0, 134, 66, 0, 0, 0, 0, 0, 0, 0, 0, 149, 53, 0, 0, 1, 0, 1, 0, 0, 0, 0, 0, 151, 158, 191, 65, 84, 243, 254, 64, 221, 66, 189, 63, 0, 0, 0, 0, 0, 0, 224, 64, 186, 73, 202, 65, 0, 0, 130, 66, 0, 0, 0, 0, 0, 0, 0, 0, 149, 53, 0, 0, 1, 0, 1, 0, 0, 0, 0, 0, 126, 244, 188, 65, 39, 170, 12, 65, 17, 151, 40, 64, 0, 0, 0, 0, 0, 0, 192, 64, 233, 183, 202, 65, 0, 0, 130, 66, 0, 0, 0, 0, 0, 0, 0, 0, 149, 53, 0, 0, 1, 0, 1, 0, 0, 0, 0, 0, 68, 46, 218, 65, 120, 128, 8, 64, 249, 106, 159, 63, 0, 0, 0, 0, 0, 0, 192, 64, 215, 18, 219, 65, 0, 0, 128, 66, 0, 0, 0, 0, 0, 0, 0, 0, 149, 53, 0, 0, 1, 0, 1, 0, 0, 0, 0, 0, 104, 127, 218, 65, 37, 163, 33, 64, 191, 140, 54, 63, 0, 0, 0, 0, 0, 0, 192, 64, 6, 129, 219, 65, 0, 0, 128, 66, 0, 0, 0, 0, 0, 0, 0, 0, 149, 53, 0, 0, 1, 0, 1, 0, 0, 0, 0, 0]
is_dense: False
---
